148.529 172.409 198.059 257.559 211.31  261.313 117.578 230.154 149.286 126.193   
116.98  202.164 284.332 176.425 243.14  207.962 188.324 271.384 192.932 131.924   
283.136 120.444 113.232 108.426 240.643 282.98  200.916 121.841 182.721 168.369   
102.856 206.546 281.244 235.983 115.93  246.915 158.087 195.2   187.012 177.322   
285.126 205.392 112.976 182.144 184.235 275.937 140.698 295.755 227.289 266.208   
167.053 202.53  236.163 285.58  138.916 236.844 282.733 293.43  253.162 183.072   
288.873 299.13  156.665 275.589 226.459 162.057 146.301 198.77  117.365 191.586   
168.945 286.99  233.466 147.092 221.472 124.625 296.637 237.949 150.757 146.048   
278.754 123.532 253.674 235.635 201.691 113.217 277.1   127.762 137.323 166.379   
217.908 206.802 207.526 292.392 122.974 107.132 184.174 150.632 289.172 113.126   

