-1   -0.785398
-0.98   -0.775297
-0.96   -0.764993
-0.94   -0.75448
-0.92   -0.743756
-0.9   -0.732815
-0.88   -0.721655
-0.86   -0.710271
-0.84   -0.69866
-0.82   -0.686818
-0.8   -0.674741
-0.78   -0.662426
-0.76   -0.64987
-0.74   -0.63707
-0.72   -0.624023
-0.7   -0.610726
-0.68   -0.597177
-0.66   -0.583373
-0.64   -0.569313
-0.62   -0.554996
-0.6   -0.54042
-0.58   -0.525584
-0.56   -0.510488
-0.54   -0.495133
-0.52   -0.479519
-0.5   -0.463648
-0.48   -0.44752
-0.46   -0.431139
-0.44   -0.414507
-0.42   -0.397628
-0.4   -0.380506
-0.38   -0.363147
-0.36   -0.345556
-0.34   -0.327739
-0.32   -0.309703
-0.3   -0.291457
-0.28   -0.273009
-0.26   -0.254368
-0.24   -0.235545
-0.22   -0.21655
-0.2   -0.197396
-0.18   -0.178093
-0.16   -0.158655
-0.14   -0.139096
-0.12   -0.119429
-0.1   -0.0996687
-0.08   -0.07983
-0.06   -0.0599282
-0.04   -0.0399787
-0.02   -0.0199973
0   0
0.02   0.0199973
0.04   0.0399787
0.06   0.0599282
0.08   0.07983
0.1   0.0996687
0.12   0.119429
0.14   0.139096
0.16   0.158655
0.18   0.178093
0.2   0.197396
0.22   0.21655
0.24   0.235545
0.26   0.254368
0.28   0.273009
0.3   0.291457
0.32   0.309703
0.34   0.327739
0.36   0.345556
0.38   0.363147
0.4   0.380506
0.42   0.397628
0.44   0.414507
0.46   0.431139
0.48   0.44752
0.5   0.463648
0.52   0.479519
0.54   0.495133
0.56   0.510488
0.58   0.525584
0.6   0.54042
0.62   0.554996
0.64   0.569313
0.66   0.583373
0.68   0.597177
0.7   0.610726
0.72   0.624023
0.74   0.63707
0.76   0.64987
0.78   0.662426
0.8   0.674741
0.82   0.686818
0.84   0.69866
0.86   0.710271
0.88   0.721655
0.9   0.732815
0.92   0.743756
0.94   0.75448
0.96   0.764993
0.98   0.775297
1   0.785398
