0    0
0.174533    0.173648
0.349066    0.34202
0.523599    0.5
0.698132    0.642788
0.872665    0.766044
1.0472    0.866025
1.22173    0.939693
1.39626    0.984808
1.5708    1
1.74533    0.984808
1.91986    0.939693
2.0944    0.866025
2.26893    0.766044
2.44346    0.642788
2.61799    0.5
2.79253    0.34202
2.96706    0.173648
3.14159    5.35898e-008
3.31613    -0.173648
3.49066    -0.34202
3.66519    -0.5
3.83972    -0.642788
4.01426    -0.766044
4.18879    -0.866025
4.36332    -0.939693
4.53786    -0.984808
4.71239    -1
4.88692    -0.984808
5.06145    -0.939693
5.23599    -0.866025
5.41052    -0.766045
5.58505    -0.642788
5.75959    -0.5
5.93412    -0.34202
6.10865    -0.173648
6.28319    -1.0718e-007
0.0872665  0.261799  0.436332  0.610865  0.785398  0.959931  1.13446  1.309  1.48353  1.65806  1.8326  2.00713  2.18166  2.35619  2.53073  2.70526  2.87979  3.05433  3.22886  3.40339  3.57792  3.75246  3.92699  4.10152  4.27606  4.45059  4.62512  4.79966  4.97419  5.14872  5.32325  5.49779  5.67232  5.84685  6.02139  6.19592  
